3.902, -3.728, 177.299
3.906, -3.722, 177.431
3.902, -3.710, 177.620
3.902, -3.710, 177.489
3.892, -3.716, 177.366
3.879, -3.728, 177.482
3.880, -3.718, 177.462
3.882, -3.716, 177.598
3.874, -3.739, 177.740
3.870, -3.741, 177.585
3.862, -3.744, 177.591
3.853, -3.737, 177.740
3.861, -3.742, 177.495
3.868, -3.739, 177.269
3.875, -3.736, 177.324
3.869, -3.737, 177.314
3.872, -3.740, 177.083
3.875, -3.741, 177.287
3.884, -3.731, 177.183
3.876, -3.736, 177.184
3.887, -3.728, 177.345
3.884, -3.725, 177.307
3.895, -3.725, 177.518
3.895, -3.716, 177.510
3.903, -3.718, 177.387
3.900, -3.720, 177.390
3.888, -3.709, 177.273
3.878, -3.722, 177.182
3.866, -3.737, 177.113
3.868, -3.750, 176.982
3.871, -3.748, 177.042
3.878, -3.738, 177.148
3.885, -3.723, 177.118
3.379, -4.472, 176.977
4.830, -4.581, 179.680
2.840, -5.554, 182.735
1.720, -5.907, 186.701
1.190, -6.399, 189.496
0.784, -7.523, 190.036
0.371, -9.069, 189.710
0.620, -9.201, 187.079
0.829, -8.177, 183.851
1.016, -6.081, 179.647
2.301, -5.182, 171.256
2.927, -4.804, 163.480
3.730, -4.586, 162.048
3.716, -4.480, 162.797
3.988, -4.560, 165.282
4.150, -4.422, 168.762
3.006, -5.390, 179.671
2.135, -6.819, 119.941
1.503, -7.161, 137.739
1.713, -6.724, 147.539
1.213, -6.297, 152.994
3.029, -5.531, 149.176
3.399, -4.968, 79.970
3.303, -4.734, 99.675
3.301, -4.448, 43.472
3.427, -4.031, 68.620
3.333, -4.144, 90.137
3.332, -4.217, 107.849
3.269, -4.273, 121.942
3.205, -4.248, 133.391
3.171, -4.285, 70.881
3.150, -4.331, 92.420
3.121, -4.378, 109.885
3.116, -4.366, 52.040
3.142, -4.517, 77.474
3.160, -4.624, 97.824
3.168, -4.771, 42.363
3.181, -4.760, -1.949
3.182, -4.763, -37.438
3.186, -4.752, 6.032
3.175, -4.738, 40.623
3.189, -4.737, -3.460
3.189, -4.724, 33.218
3.200, -4.716, -9.263
3.201, -4.693, -43.301
3.203, -4.650, -70.612
3.210, -4.556, -92.432
3.229, -4.515, -109.745
3.248, -4.478, -51.811
3.256, -4.461, -77.181
3.264, -4.475, -25.981
3.264, -4.463, 15.182
3.256, -4.439, 48.078
3.273, -4.474, 74.310
3.217, -4.655, 23.187
3.291, -4.741, 53.767
3.776, -4.213, 7.470
4.837, -4.159, -28.686
6.694, -4.142, -56.164
7.177, -4.211, -78.423
8.337, -3.957, -95.746
12.180, -5.405, -108.749
17.780, -6.638, -116.981
23.936, -7.335, -122.356
29.405, -7.987, -125.768
35.836, -8.509, -127.440
40.988, -9.339, -128.290
42.383, -10.273, -128.819
41.382, -9.862, -129.090
37.683, -7.659, -129.038
29.951, -6.698, -129.089
19.590, -5.163, -132.087
12.228, -5.170, -136.337
6.974, -4.597, -142.063
3.330, -3.183, -148.400
1.479, -3.360, -83.334
0.879, -3.148, -31.805
0.975, -2.568, 8.773
1.713, -0.664, 41.638
1.721, 1.033, 67.982
1.314, 2.367, 89.459
2.208, 6.931, 106.123
3.386, 18.323, 85.498
4.740, 41.194, 70.110
6.685, 52.062, 57.037
7.774, 48.985, 45.198
5.764, 39.048, 35.185
5.479, 7.052, -6.696
5.362, -19.220, -44.135
5.571, -38.394, -73.477
2.748, -49.078, -23.911
3.130, -57.290, 16.385
4.822, -53.362, -22.522
6.159, -38.500, -52.345
7.688, -6.027, -71.285
7.781, 15.488, -59.805
7.279, 27.204, -46.943
7.858, 30.793, -37.567
7.215, 16.119, -47.046
6.425, 6.762, -71.102
6.574, -1.318, -92.143
3.023, -6.764, -110.568
-3.510, -7.359, -56.045
-9.391, -4.411, -14.551
-12.385, -2.136, 16.570
-13.236, -1.531, 40.779
-12.770, -2.065, 61.182
-3.155, -8.156, 81.062
5.865, -11.418, 28.777
14.386, -14.943, -9.166
21.234, -15.068, -37.576
26.223, -15.067, -59.082
24.609, -15.720, -76.521
16.101, -13.734, -92.390
7.876, -9.473, -107.696
1.643, -6.358, -51.716
-3.155, -3.820, -10.311
-5.393, -4.411, 22.262
-6.375, -3.302, 47.641
-4.598, -4.044, 69.041
-0.095, -4.885, 89.438
10.857, -8.801, 39.367
21.415, -14.031, 1.191
27.824, -14.018, -27.503
32.384, -15.098, -49.737
26.402, -14.051, -68.405
15.966, -11.587, -84.590
7.673, -7.112, -101.130
2.447, -3.490, -44.746
-0.734, -2.761, -1.583
2.637, -2.774, 33.342
3.649, -4.283, 62.089
4.214, -4.451, 85.279
4.016, -4.566, 32.495
3.864, -4.260, -9.782
3.044, -6.309, -43.633
3.096, -5.794, -71.526
3.128, -5.360, -21.417
3.138, -5.016, 18.831
3.160, -4.744, -20.904
3.180, -4.524, 19.172
3.188, -4.346, 51.224
3.203, -4.207, 5.483
3.203, -4.104, -31.271
3.214, -4.009, -60.976
3.227, -3.935, -12.982
3.230, -3.869, -46.355
3.232, -3.834, -72.661
3.240, -3.803, -22.243
3.238, -3.772, -53.564
3.234, -3.745, -78.492
3.239, -3.732, -98.611
3.254, -3.720, -42.898
3.256, -3.717, -69.909
3.254, -3.707, -91.475
3.256, -3.699, -108.971
3.245, -3.700, -123.003
3.257, -3.705, -134.379
3.265, -3.696, -143.244
3.267, -3.684, -150.496
3.270, -3.679, -156.003
3.284, -3.647, -160.731
3.291, -3.637, -164.372
3.315, -3.604, -167.435
3.327, -3.605, -98.258
3.336, -3.593, -114.257
3.334, -3.596, -127.193
3.311, -3.613, -137.532
3.312, -3.620, -145.543
3.299, -3.618, -152.014
3.282, -3.633, -157.259
3.268, -3.648, -161.381
3.259, -3.649, -164.715
3.260, -3.653, -167.370
3.266, -3.647, -169.590
3.277, -3.646, -171.359
3.279, -3.648, -172.780
3.288, -3.646, -173.817
3.291, -3.645, -174.710
3.286, -3.647, -175.257
3.281, -3.639, -176.136
3.289, -3.638, -176.408
3.310, -3.639, -176.385
3.318, -3.625, -176.848
3.322, -3.620, -176.909
3.332, -3.609, -177.094
3.321, -3.610, -177.189
3.308, -3.636, -177.291
3.289, -3.656, -177.819
3.268, -3.672, -178.082
3.256, -3.680, -178.434
3.249, -3.686, -178.391
3.247, -3.694, -178.525
3.252, -3.704, -178.543
3.254, -3.705, -178.600
3.256, -3.708, -178.384
3.260, -3.689, -178.367
3.256, -3.692, -178.562
3.260, -3.699, -178.432
3.260, -3.716, -178.392
3.260, -3.711, -178.413
3.257, -3.705, -178.415
3.264, -3.686, -178.307
3.259, -3.685, -178.329
3.257, -3.684, -178.441
3.260, -3.680, -178.368
3.257, -3.679, -178.543
3.257, -3.679, -178.616
3.261, -3.680, -178.592
3.282, -3.677, -178.603
3.267, -3.680, -178.308
3.272, -3.716, -178.238
3.255, -3.721, -178.178
3.256, -3.712, -178.310
3.257, -3.708, -178.314
3.268, -3.704, -106.725
3.260, -3.696, -121.159
3.259, -3.697, -132.722
3.264, -3.694, -141.860
3.267, -3.682, -149.336
3.282, -3.683, -155.130
3.285, -3.685, -160.030
3.287, -3.689, -163.801
3.285, -3.683, -166.495
3.277, -3.684, -168.540
3.268, -3.686, -170.401
3.268, -3.692, -172.103
3.274, -3.682, -173.182
3.276, -3.690, -174.131
3.266, -3.699, -174.971
3.271, -3.694, -175.565
3.269, -3.694, -176.191
3.267, -3.688, -104.984
3.269, -3.698, -48.010
3.276, -3.693, -73.884
3.278, -3.692, -94.649
3.282, -3.705, -111.480
3.279, -3.703, -124.931
3.269, -3.705, -135.533
3.277, -3.712, -144.328
3.268, -3.727, -151.012
3.259, -3.731, -156.747
3.259, -3.741, -161.334
3.265, -3.743, -164.660
3.264, -3.727, -167.422
3.264, -3.733, -169.646
3.265, -3.730, -171.289
3.264, -3.742, -172.603
3.262, -3.742, -173.675
3.262, -3.738, -174.858
3.261, -3.736, -175.360
3.255, -3.736, -175.665
3.264, -3.715, -176.128
3.264, -3.715, -176.322
3.268, -3.724, -176.490
3.271, -3.725, -176.870
3.264, -3.732, -177.202
3.269, -3.732, -177.521
3.279, -3.730, -177.664
3.264, -3.737, -177.682
3.259, -3.716, -177.778
3.259, -3.711, -177.834
3.255, -3.702, -177.939
3.263, -3.712, -177.887
3.269, -3.711, -177.822
3.265, -3.713, -177.869
3.267, -3.717, -177.502
3.264, -3.717, -177.725
3.269, -3.721, -177.712
3.270, -3.726, -177.622
3.275, -3.719, -177.824
3.269, -3.717, -177.748
3.278, -3.708, -177.876
3.279, -3.707, -177.899
3.315, -3.553, -177.980
3.298, -3.621, -178.017
3.286, -3.636, -178.143
3.287, -3.663, -177.816
3.282, -3.689, -177.951
3.284, -3.695, -177.696
3.274, -3.709, -177.616
3.264, -3.701, -177.863
3.263, -3.709, -177.694
3.265, -3.724, -177.740
3.263, -3.724, -177.665
3.267, -3.726, -177.701
3.255, -3.731, -177.930
3.260, -3.730, -178.227
3.269, -3.727, -178.401
3.270, -3.734, -178.509
3.274, -3.731, -178.675
3.274, -3.735, -178.594
3.290, -3.738, -106.986
3.288, -3.739, -121.199
3.285, -3.746, -132.568
3.292, -3.738, -141.734
4.013, -3.616, -150.555
3.915, -3.563, -156.811
3.787, -3.605, -161.317
3.682, -3.638, -164.818
3.598, -3.673, -167.670
3.538, -3.695, -169.906
3.492, -3.709, -171.911
3.464, -3.726, -173.319
3.448, -3.729, -174.450
3.427, -3.735, -175.186
3.396, -3.747, -175.934
3.379, -3.748, -176.467
3.361, -3.754, -176.961
3.355, -3.757, -177.399
3.334, -3.763, -177.459
3.322, -3.777, -177.773
3.321, -3.769, -178.181
3.308, -3.765, -178.298
3.316, -3.771, -178.493
3.316, -3.826, -178.639
3.297, -3.730, -178.716
3.072, -4.243, -178.563
3.984, -4.296, -178.320
3.076, -4.712, -173.408
2.733, -5.700, -168.686
2.797, -5.462, -170.720
2.839, -5.264, -172.241
2.901, -5.083, -173.403
2.957, -4.941, -174.566
3.042, -4.816, -175.194
3.110, -4.676, -175.951
3.255, -4.477, -178.182
3.664, -3.780, -183.434
3.639, -3.745, -183.594
3.566, -3.793, -182.641
3.497, -3.811, -181.863
3.454, -3.846, -109.650
3.416, -3.876, -123.545
3.392, -3.884, -134.774
3.374, -3.871, -143.468
3.343, -3.869, -150.586
3.311, -3.884, -156.464
3.301, -3.903, -160.946
3.287, -3.907, -164.572
3.275, -3.907, -167.441
3.260, -3.911, -169.805
3.249, -3.926, -171.702
3.255, -3.924, -172.989
3.248, -3.930, -173.815
3.250, -3.929, -175.031
3.238, -3.930, -104.198
3.243, -3.940, -118.928
3.243, -3.943, -130.749
3.245, -3.948, -140.121
3.249, -3.951, -147.877
3.258, -3.944, -154.082
3.262, -3.942, -159.040
3.264, -3.937, -162.851
3.284, -3.932, -165.978
3.285, -3.936, -168.616
3.278, -3.928, -170.602
3.274, -3.923, -172.213
3.275, -3.926, -173.647
3.280, -3.912, -174.418
3.289, -3.909, -175.302
3.293, -3.919, -176.025
3.290, -3.922, -176.376
3.285, -3.936, -176.710
3.276, -3.943, -176.929
3.281, -3.939, -177.215
3.295, -3.941, -177.389
3.290, -3.934, -177.438
3.293, -3.935, -177.872
3.287, -3.943, -178.186
3.281, -3.959, -178.291
3.280, -3.966, -178.239
3.270, -3.955, -178.392
3.274, -3.950, -178.528
3.266, -3.951, -178.537
3.276, -3.959, -178.552
3.275, -3.947, -178.280
3.269, -3.947, -178.220
3.271, -3.936, -178.296
3.269, -3.693, -178.203
3.237, -3.033, -178.298
3.215, -2.065, -178.424
2.812, -0.746, -178.626
2.597, 0.104, -178.819
2.095, 1.141, -107.338
1.616, 1.938, -50.769
1.232, 2.580, -5.412
1.243, 3.102, 30.251
1.145, 3.523, 59.331
0.828, 4.042, 81.885
0.459, 4.495, 99.227
0.191, 5.316, 112.997
0.479, 5.573, 124.501
0.402, 5.902, 133.225
-0.024, 6.413, 139.739
0.104, 6.284, 145.051
0.920, 3.965, 150.519
1.151, 2.485, 155.459
1.744, -0.171, 159.757
1.848, -0.478, 163.129
1.926, -0.701, 165.770
1.962, -0.827, 167.827
2.569, 2.002, 168.222
2.440, 1.285, 169.223
1.409, 0.574, 170.049
0.579, 0.211, 170.463
-0.290, 0.080, 170.611
-0.980, 0.293, 170.620
-0.997, 0.460, 170.728
-0.872, 0.249, 170.368
-0.114, -0.164, 170.349
1.450, -1.392, 171.272
1.274, -1.392, 171.818
1.243, -1.505, 172.300
1.237, -1.584, 172.777
1.235, -1.642, 173.190
1.233, -1.683, 173.357
1.246, -1.728, 173.764
1.273, -1.742, 173.919
1.287, -1.778, 174.387
1.294, -1.803, 174.626
1.319, -1.832, 174.460
1.323, -1.855, 174.875
1.342, -1.868, 175.017
1.360, -1.882, 175.230
1.372, -1.911, 175.315
1.395, -1.921, 175.728
1.408, -1.936, 175.627
1.420, -1.952, 175.999
1.439, -1.973, 175.985
1.448, -1.991, 175.973
1.457, -2.002, 175.618
1.475, -2.015, 175.862
1.503, -2.000, 175.768
1.515, -2.017, 175.748
1.530, -2.029, 175.587
1.544, -2.035, 175.456
1.549, -2.040, 175.527
1.550, -2.047, 175.316
1.548, -2.060, 175.476
1.079, -3.403, 174.694
0.781, -3.415, 174.487
0.691, -3.295, 174.470
0.941, -2.733, 173.804
2.261, -2.049, 173.783
2.621, -1.575, 174.381
2.759, -2.062, 175.187
-0.162, -3.348, 176.495
0.551, -2.973, 105.235
3.447, -3.033, 49.801
7.503, -4.495, 6.960
10.677, -5.773, -27.452
11.648, -6.766, -54.528
14.737, -9.142, -77.044
17.469, -10.092, -93.379
25.057, -12.121, -106.420
23.884, -6.864, -113.747
61.420, -23.455, -120.418
69.982, -15.307, -123.160
79.159, -13.021, -124.143
95.707, -33.299, -118.911
91.837, -11.659, -115.065
98.575, 19.648, -115.498
102.219, 48.178, -115.370
105.610, 58.435, -112.624
99.612, 69.306, -113.808
90.232, 77.253, -112.131
88.168, 74.309, -101.915
72.412, 62.146, -88.419
65.709, 50.740, -75.802
64.568, 50.958, -74.176
57.355, 50.882, -70.838
45.865, 39.747, -77.524
31.500, 27.859, -88.811
12.379, 20.741, -46.207
-2.972, 11.103, -5.470
2.950, 11.931, 29.023
5.451, 11.472, 57.447
3.822, 8.429, 10.454
3.615, 6.418, 43.905
1.789, 4.860, 68.452
-0.104, 4.401, 87.688
0.640, 4.544, 104.092
2.547, 10.695, 115.729
0.514, 15.796, 125.151
0.854, 13.303, 134.265
2.605, 14.035, 142.815
4.719, 12.852, 81.190
4.185, 10.968, 30.048
3.731, 9.630, -12.092
2.974, 8.665, -44.280
2.148, 7.109, -70.421
2.080, 5.534, -21.293
2.174, 4.134, -53.238
0.960, 1.997, -78.035
0.668, 0.608, -27.382
0.919, 0.143, 13.053
1.122, -0.287, 45.519
0.891, -0.729, 71.744
-0.265, -0.952, 91.200
-0.731, -0.874, 105.873
-1.515, -1.034, 117.978
-2.323, -1.187, 126.384
-2.408, -1.071, 131.992
-2.588, -1.177, 136.366
-2.616, -1.364, 139.463
-1.430, -1.660, 144.746
-1.618, -2.547, 149.186
-3.896, -4.231, 151.765
-8.396, 0.864, 153.400
-6.923, -0.234, 155.504
-5.872, -0.988, 157.281
-5.074, -1.588, 159.189
-4.441, -2.068, 160.201
-4.984, -2.016, 161.414
-5.878, -1.374, 161.146
-4.433, -0.741, 162.400
-3.269, -0.506, 164.482
-3.206, -0.774, 167.011
-2.423, -1.030, 98.108
-1.965, -1.379, 43.225
-1.575, -1.168, -0.174
-1.461, -1.118, -34.877
-0.650, -1.391, -62.041
-0.152, -1.777, -83.796
-0.365, -2.009, -100.877
-0.522, -2.098, -115.609
-0.999, -2.192, -56.712
-3.083, -2.291, -11.446
-2.902, -3.314, 23.202
-2.347, -3.218, 52.524
-1.832, -3.256, 76.005
-1.451, -3.261, 94.596
-1.130, -3.244, 110.004
-0.854, -2.876, 122.053
-0.597, -3.112, 132.850
-0.982, -3.390, 145.774
-1.317, -3.590, 156.471
-1.167, -3.787, 162.600
-0.989, -3.776, 164.305
-0.780, -3.726, 165.443
-0.388, -3.499, 166.230
-0.261, -3.494, 167.156
-0.082, -3.300, 167.783
0.007, -3.175, 167.866
-0.162, 1.668, 167.010
-0.342, 2.288, 165.940
-0.029, 0.881, 166.200
0.040, 0.760, 166.066
0.655, 0.500, 166.903
0.638, 0.508, 167.237
0.557, 0.465, 167.403
0.720, 0.728, 167.346
0.633, 0.596, 167.431
0.589, 0.425, 167.390
0.501, 0.427, 167.305
0.424, 0.373, 167.034
0.436, 0.264, 167.091
0.447, 0.242, 167.716
0.435, 0.245, 167.620
0.449, 0.143, 167.687
0.248, 0.300, 167.783
-0.408, 0.346, 167.124
-0.279, 0.448, 166.798
-0.154, 0.393, 166.902
0.100, 0.100, 167.199
-0.063, 0.152, 167.334
-0.097, 0.105, 167.341
-0.048, -0.040, 166.883
-0.076, -0.202, 167.003
0.096, -0.444, 167.241
-0.078, -0.866, 167.400
-0.031, -0.950, 167.168
-0.013, -0.999, 167.323
0.020, -1.036, 167.761
0.018, -1.038, 167.899
0.038, -1.043, 168.279
0.070, -1.073, 168.461
0.094, -1.021, 168.568
0.111, -1.006, 168.865
0.115, -1.037, 168.769
0.128, -1.040, 169.119
0.105, -1.051, 168.922
0.112, -1.059, 169.012
0.117, -1.079, 169.167
0.118, -1.089, 169.177
0.122, -1.095, 169.181
0.144, -1.103, 169.076
0.156, -1.105, 169.120
0.166, -1.101, 169.484
0.162, -1.110, 169.392
0.164, -1.118, 169.244
0.166, -1.145, 169.486
0.168, -1.138, 169.542
0.161, -1.151, 169.321
0.175, -1.143, 169.309
0.169, -1.157, 169.385
0.170, -1.204, 168.810
0.177, -1.173, 167.768
0.172, -1.171, 167.921
0.184, -1.202, 167.849
0.179, -1.201, 168.155
0.166, -1.199, 168.470
0.163, -1.204, 168.795
0.170, -1.210, 168.786
0.158, -1.216, 169.124
0.149, -1.215, 169.234
0.140, -1.226, 169.222
0.130, -1.231, 169.474
0.120, -1.232, 169.147
0.124, -1.227, 168.927
0.130, -1.221, 168.920
0.119, -1.226, 169.150
0.119, -1.242, 169.103
0.127, -1.245, 169.008
0.133, -1.251, 169.153
0.129, -1.263, 168.831
0.130, -1.263, 168.774
0.144, -1.268, 168.781
0.148, -1.265, 168.585
0.139, -1.258, 168.820
0.131, -1.263, 169.013
0.128, -1.277, 169.208
0.140, -1.265, 169.252
0.133, -1.263, 169.448
0.139, -1.252, 169.515
0.146, -1.235, 169.486
0.149, -1.243, 169.566
0.148, -1.252, 169.644
0.141, -1.251, 169.680
0.128, -1.255, 169.918
0.128, -1.262, 169.818
0.130, -1.267, 169.991
0.123, -1.260, 170.017
0.118, -1.269, 169.878
0.120, -1.269, 169.924
0.119, -1.276, 169.955
0.121, -1.268, 169.795
0.117, -1.269, 170.073
0.119, -1.273, 169.763
0.103, -1.285, 169.985
0.102, -1.297, 169.928
0.104, -1.302, 170.312
0.104, -1.305, 170.015
0.100, -1.306, 169.755
0.097, -1.302, 169.580
0.100, -1.296, 169.737
0.120, -1.296, 169.688
0.109, -1.315, 169.347
0.097, -1.313, 169.404
0.085, -1.311, 168.928
0.089, -1.304, 168.687
0.098, -1.305, 169.052
0.113, -1.316, 168.995
0.107, -1.320, 169.084
0.113, -1.320, 169.054
0.111, -1.321, 169.036
0.102, -1.322, 169.293
0.100, -1.325, 169.271
0.099, -1.313, 169.241
0.090, -1.321, 169.003
0.085, -1.324, 169.031
0.088, -1.324, 169.154
0.093, -1.318, 169.505
0.098, -1.324, 169.628
0.092, -1.326, 169.529
0.080, -1.328, 169.633
0.085, -1.327, 170.136
0.089, -1.328, 170.244
0.090, -1.316, 170.372
0.099, -1.329, 170.294
0.100, -1.340, 170.229
0.098, -1.342, 169.986
0.090, -1.336, 169.586
0.088, -1.344, 169.671
0.079, -1.350, 169.882
0.083, -1.398, 169.899
0.086, -1.377, 169.703
0.083, -1.385, 169.633
0.093, -1.388, 169.673
0.099, -1.376, 169.569
0.105, -1.364, 169.405
0.104, -1.369, 169.902
0.107, -1.359, 169.707
0.105, -1.350, 169.759
-1.634, -1.228, 169.907
-1.797, -1.270, 169.254
-0.923, -1.693, 169.083
-0.775, -1.594, 168.624
-0.637, -1.586, 168.158
-0.808, -1.596, 167.786
-1.831, -2.019, 166.403
-1.405, -2.402, 165.556
-2.043, -1.258, 165.178
-2.196, 0.371, 162.933
-6.137, 4.053, 159.463
-11.740, 8.798, 151.182
-17.620, 17.325, 138.830
-23.313, 25.028, 125.825
-29.209, 29.852, 113.965
-37.950, 33.097, 104.486
-40.539, 34.757, 96.988
-42.250, 34.382, 91.367
-43.577, 35.651, 87.141
-44.590, 37.772, 84.395
-44.501, 36.831, 82.225
-43.544, 34.431, 80.708
-42.228, 33.898, 79.633
-37.261, 25.722, 83.297
-30.573, 17.106, 89.969
-26.928, 4.310, 97.488
-20.278, -3.836, 107.318
-12.996, 3.041, 116.067
-6.140, 0.832, 125.590
-5.490, -0.057, 130.441
-3.390, 1.257, 132.997
-2.848, 0.522, 137.646
-2.486, -0.059, 143.234
-2.184, -0.527, 147.569
-1.941, -0.881, 151.650
-1.742, -1.180, 154.516
-1.596, -1.416, 156.788
-1.483, -1.604, 158.936
-1.403, -1.742, 160.189
-1.325, -1.868, 161.684
-1.075, -1.265, 163.017
-1.069, -1.542, 164.446
-1.122, -1.811, 165.183
-1.213, -1.741, 165.823
-0.723, -1.792, 167.241
-0.877, -1.807, 167.777
-0.927, -2.159, 167.553
-1.012, -2.358, 167.193
-1.086, -2.493, 166.865
-1.038, -2.439, 166.314
-1.010, -2.457, 165.964
-0.981, -2.427, 165.954
-0.977, -2.426, 166.077
-0.981, -2.403, 166.374
-0.974, -2.395, 166.329
-0.849, -1.860, 166.456
-0.826, -1.690, 166.513
-0.862, -1.849, 166.505
-0.827, -1.877, 166.709
-0.922, -1.994, 166.561
-1.384, -2.441, 165.370
-0.635, -1.725, 162.900
-0.383, -1.612, 161.235
-0.452, -1.812, 161.265
-0.489, -1.917, 162.338
-0.651, -2.225, 168.339
-1.251, -2.727, 172.650
-1.226, -2.730, 172.252
-1.013, -2.665, 170.366
-1.931, -2.696, 168.930
-2.538, -3.876, 165.650
-1.433, -4.459, 158.450
-0.923, -4.118, 155.816
-0.870, -3.800, 156.081
-0.519, -2.066, 163.507
-1.133, -1.893, 172.237
-1.289, -2.406, 174.177
-1.240, -2.381, 173.385
-1.320, -2.607, 172.609
-1.742, -3.500, 171.626
-1.602, -3.285, 165.228
-0.870, -2.800, 160.831
-0.816, -2.724, 160.182
-1.126, -3.273, 165.663
-1.065, -2.813, 171.248
-1.215, -2.842, 171.581
-1.163, -2.744, 170.974
-1.102, -2.676, 170.072
-1.062, -2.619, 169.282
-1.023, -2.579, 168.630
-0.996, -2.549, 168.340
-0.969, -2.519, 167.855
-2.586, -2.851, 167.242
-1.263, -4.019, 162.052
-0.705, -4.389, 158.105
-0.361, -3.070, 156.058
-0.276, -2.099, 153.689
-0.227, -3.210, 152.202
-0.626, -1.658, 149.548
-0.783, -3.439, 149.002
-0.784, -3.538, 148.378
-0.913, -3.338, 153.092
-1.120, -3.477, 158.504
-1.086, -3.289, 160.103
-1.040, -3.136, 160.627
0.264, -2.856, 160.949
4.140, -7.108, 161.489
4.354, -6.459, 156.991
4.992, -5.260, 152.148
5.127, -4.813, 148.047
5.261, -5.425, 143.748
5.000, -4.842, 140.187
4.665, -4.275, 138.466
4.047, -4.347, 135.539
3.347, -4.751, 131.139
2.874, -3.861, 125.765
1.899, -4.258, 120.276
0.975, -4.647, 115.345
0.225, -4.567, 111.279
-0.477, -4.651, 109.018
-0.970, -4.943, 107.200
-1.682, -4.756, 105.822
-2.087, -4.852, 104.736
-2.770, -4.758, 104.085
-3.201, -5.191, 103.098
-3.746, -7.252, 97.707
-3.765, -7.723, 90.126
-3.893, -7.469, 85.304
-3.617, -5.928, 80.666
-2.954, -4.330, 77.676
-3.283, -5.053, 75.425
-4.155, -5.632, 73.242
-3.779, -6.044, 70.851
-3.072, -5.840, 67.650
-3.558, -6.752, 65.459
-3.981, -6.774, 64.663
-5.059, -5.522, 63.709
-5.224, -5.497, 64.616
-5.079, -5.143, 68.933
-4.789, -4.800, 72.414
-4.886, -3.812, 75.161
-4.459, -5.006, 83.916
0.341, -1.291, 88.794
-0.060, -2.790, 97.791
1.749, -3.636, 104.156
-0.243, -3.171, 109.574
-3.122, -1.672, 114.719
-2.232, -1.504, 111.563
-3.003, -4.134, 108.053
-3.887, -9.521, 101.738
-1.608, -6.208, 96.442
-0.364, -4.077, 90.927
0.280, -2.674, 78.852
-0.290, -3.382, 65.555
0.447, -1.562, 58.947
0.492, -3.274, 56.034
2.018, -3.171, 50.289
-0.746, -5.712, 47.820
-1.381, -6.470, 44.953
-0.512, -6.004, 46.582
0.461, -4.500, 54.454
-0.383, -4.015, 66.902
0.389, -3.989, 77.954
0.486, -4.235, 87.662
1.389, -4.169, 96.569
1.173, -3.848, 108.794
0.769, -3.561, 120.985
0.541, -3.401, 131.152
0.345, -3.260, 138.946
0.188, -3.148, 145.177
0.160, -2.946, 150.607
0.094, -2.717, 154.765
-0.172, -2.585, 159.379
0.342, -1.580, 164.117
1.166, -3.372, 175.917
-0.213, -4.701, 187.644
-0.580, -5.833, 185.720
-2.790, -5.763, 177.730
-2.095, -6.505, 171.688
-2.041, -4.932, 167.448
-1.944, -2.853, 163.425
-3.141, -5.881, 169.031
-3.904, -6.125, 167.038
-3.213, -4.918, 155.069
-2.720, -4.727, 143.806
-2.175, -3.962, 134.681
-1.809, -3.670, 127.247
-1.517, -3.453, 121.265
-1.287, -3.275, 116.580
-1.013, -3.671, 113.053
-0.884, -3.519, 110.299
-0.785, -3.378, 107.909
-0.687, -3.203, 105.891
-0.612, -3.072, 104.359
-0.486, -2.637, 103.193
0.175, -1.119, 102.869
-0.041, -1.349, 105.726
-0.047, -1.105, 105.249
0.065, -1.054, 105.767
0.211, -0.914, 107.513
0.529, -1.330, 111.200
-0.388, -3.948, 122.349
-0.488, -3.548, 129.165
0.588, -0.412, 136.438
-1.511, -3.058, 149.829
-2.065, -4.339, 163.047
-0.143, -4.119, 170.051
-3.251, -7.116, 175.757
-1.546, -2.931, 180.761
-2.050, -4.066, 182.211
-4.285, -4.853, 183.347
-6.128, -5.288, 182.025
-3.568, -3.770, 173.944
-2.634, -3.381, 167.788
-2.124, -3.262, 165.626
-1.702, -3.220, 164.301
-0.883, 0.937, 163.230
-1.308, -1.799, 164.266
-1.419, -2.875, 164.132
-1.416, -3.221, 165.267
-0.049, -3.306, 165.798
0.243, -2.887, 167.813
-0.098, -3.565, 172.573
1.611, -3.248, 184.679
0.290, -4.630, 197.235
0.099, -5.495, 131.621
-0.771, -6.533, 148.757
-1.204, -6.436, 155.482
-1.123, -6.072, 158.248
-1.880, -5.959, 158.849
-1.724, -7.072, 157.254
-0.476, -7.200, 148.199
0.343, -8.675, 135.431
1.968, -7.431, 127.047
2.584, -5.083, 127.386
2.377, -4.698, 132.157
1.788, -4.275, 139.094
2.505, -4.495, 143.685
2.244, -4.105, 154.805
1.113, -4.626, 169.657
0.537, -7.061, 183.249
0.309, -6.618, 181.949
-0.336, -6.402, 179.890
-1.382, -7.890, 175.947
-0.994, -7.616, 168.301
0.671, -5.407, 161.403
1.325, -3.875, 153.480
0.354, -1.374, 145.427
-3.424, 2.121, 137.908
-0.911, 1.941, 130.814
-1.038, 1.213, 126.647
0.538, 0.834, 119.677
0.216, 0.526, 117.549
0.178, 0.059, 119.909
0.220, -0.326, 130.137
3.431, 1.798, 144.839
1.827, 1.243, 162.395
2.094, 1.894, 181.131
0.889, -1.002, 193.031
0.512, -1.640, 195.404
0.426, -1.747, 191.305
0.844, -3.869, 182.058
0.868, -4.700, 167.078
3.247, -3.288, 142.069
5.767, -5.201, 121.209
4.211, -5.095, 117.481
3.507, -5.265, 111.373
2.013, -4.535, 103.199
2.580, -3.469, 97.616
2.609, -3.360, 97.164
1.322, -3.400, 100.274
2.178, -2.274, 106.072
3.029, -1.845, 129.596
2.950, -3.049, 155.526
3.448, -6.042, 179.286
1.479, -9.040, 200.989
0.228, -6.804, 216.784
-0.663, -6.915, 221.300
-0.577, -6.147, 210.195
-0.513, -5.612, 200.713
-0.485, -5.109, 192.805
-0.023, -6.416, 186.043
1.061, -9.307, 179.378
4.552, -7.456, 158.236
5.337, -6.783, 136.717
7.797, -3.177, 120.717
6.565, -3.227, 117.264
11.044, 0.830, 132.307
12.277, -6.172, 161.079
4.974, -13.117, 182.987
3.671, -13.442, 185.862
5.128, -8.603, 177.553
4.077, -7.434, 175.772
3.229, -6.523, 175.367
2.546, -6.650, 173.543
0.504, -6.918, 171.697
0.129, -6.256, 160.496
-0.489, -10.235, 149.590
0.700, -9.890, 129.860
3.229, -9.026, 111.685
6.365, -10.406, 93.075
5.776, -3.327, 75.600
5.696, -2.262, 66.130
5.144, -1.851, 71.832
4.994, -0.546, 77.092
4.970, -1.698, 89.099
2.980, -2.674, 105.793
2.554, -1.506, 117.033
1.580, -2.948, 130.084
1.118, -4.404, 142.697
0.497, -5.314, 153.679
-0.478, -5.957, 160.618
-0.745, -6.233, 164.874
-0.409, -6.689, 172.971
-0.566, -6.405, 185.826
-3.339, -7.940, 196.235
-3.009, -7.309, 191.231
-2.509, -6.689, 186.847
-0.493, -5.633, 180.313
-0.724, -4.755, 175.506
-0.444, -3.761, 175.134
-0.418, -3.422, 176.735
-0.355, -5.487, 180.026
-0.029, -4.416, 177.740
-0.023, -4.181, 175.676
-0.025, -4.028, 174.205
-0.031, -3.851, 173.433
-0.036, -3.718, 172.585
-0.024, -3.631, 171.990
-0.002, -3.452, 171.493
-1.005, -3.105, 170.785
-1.962, -3.764, 169.512
-1.402, -4.057, 168.241
-2.025, -3.953, 169.071
-3.005, -3.251, 169.800
-1.409, -3.021, 171.433
-0.079, -3.156, 175.233
0.430, -3.905, 179.352
2.278, -3.164, 183.625
-0.113, -2.836, 185.202
-0.839, -3.647, 183.715
-3.770, -4.420, 179.982
-3.610, -4.478, 174.560
-3.103, -4.007, 170.237
-2.685, -3.698, 166.645
-2.430, -3.860, 163.577
-1.975, -3.462, 161.062
-0.944, -2.779, 158.974
-0.747, -2.776, 158.227
-0.754, -2.912, 158.224
-0.595, -2.957, 158.143
-0.451, -2.965, 158.222
-0.387, -2.936, 158.132
-0.422, -2.937, 158.902
-0.314, -3.109, 158.880
0.055, -1.964, 158.780
-0.057, -2.142, 158.958
-0.076, -2.224, 158.655
-0.100, -2.179, 158.065
0.250, -2.085, 157.933
0.149, -2.225, 157.537
0.093, -2.395, 157.227
0.049, -2.524, 157.103
-0.002, -2.654, 157.207
-0.129, -2.807, 157.087
-0.160, -2.817, 157.239
-0.182, -2.744, 157.282
-0.035, -2.987, 157.797
-0.567, -4.768, 157.743
-0.270, -4.279, 154.862
-0.201, -3.976, 154.467
-0.185, -3.777, 155.492
-0.171, -3.616, 156.660
-0.159, -3.486, 157.583
-0.152, -3.383, 158.326
-0.141, -3.283, 158.308
-0.126, -3.210, 158.652
-0.123, -3.159, 158.628
-0.118, -3.114, 158.951
-0.125, -3.070, 159.206
-0.125, -3.044, 159.037
-0.122, -3.023, 159.116
-0.117, -3.002, 159.356
-0.109, -2.995, 159.381
-0.104, -2.968, 159.256
-0.098, -2.951, 159.414
-0.089, -2.939, 159.487
-0.100, -2.926, 159.570
-0.101, -2.931, 159.570
-0.099, -2.935, 159.558
-0.088, -2.930, 159.853
-0.082, -2.933, 159.973
-0.079, -2.930, 160.089
-0.078, -2.929, 160.157
-0.084, -2.937, 160.217
-0.085, -2.941, 160.140
-0.087, -2.940, 159.870
-0.085, -2.945, 159.748
-0.096, -2.944, 159.393
-0.099, -2.942, 159.270
-0.092, -2.947, 159.262
-0.087, -2.949, 159.411
-0.095, -2.950, 159.129
-0.089, -2.935, 159.186
-0.086, -2.935, 159.112
-0.073, -2.934, 159.249
-0.081, -2.939, 159.254
-0.094, -2.945, 159.284
-0.094, -2.949, 159.390
-0.092, -2.954, 159.329
-0.088, -2.949, 159.332
-0.095, -2.946, 159.062
-0.088, -2.952, 158.993
-0.080, -2.959, 158.813
-0.079, -2.953, 158.806
-0.078, -2.952, 158.953
-0.077, -2.947, 159.235
-0.074, -2.945, 159.598
-0.071, -2.946, 159.744
-0.077, -2.945, 159.843
-0.077, -2.948, 160.040
-0.076, -2.948, 159.785
-0.059, -2.938, 160.049
-0.060, -2.933, 160.279
-0.074, -2.934, 160.245
-0.070, -2.942, 160.276
-0.061, -2.946, 160.238
-0.061, -2.955, 160.268
-0.055, -2.950, 160.247
-0.057, -2.954, 159.964
-0.061, -2.953, 159.777
-0.058, -2.940, 159.859
-0.066, -2.937, 159.947
-0.067, -2.936, 159.748
-0.074, -2.950, 159.652
-0.080, -2.952, 159.829
-0.074, -2.951, 159.877
-0.071, -2.929, 160.092
-0.070, -2.932, 160.222
-0.061, -2.922, 160.296
-0.063, -2.922, 160.210
-0.063, -2.921, 160.159
-0.062, -2.938, 160.060
-0.070, -2.940, 160.430
-0.070, -2.951, 160.394
-0.067, -2.961, 160.459
-0.079, -2.951, 160.236
-0.083, -2.946, 160.471
-0.081, -2.946, 160.134
-0.077, -2.944, 160.159
-0.082, -2.961, 160.164
-0.081, -2.970, 160.194
-0.084, -2.919, 160.190
-0.092, -2.957, 160.232
-0.093, -2.949, 160.475
-0.086, -2.948, 160.568
-0.083, -2.947, 160.515
-0.080, -2.941, 160.627
-0.076, -2.950, 160.739
-0.072, -2.947, 160.856
-0.066, -2.960, 161.131
-0.076, -2.960, 161.304
-0.079, -2.963, 161.222
-0.090, -2.971, 161.194
-0.092, -2.982, 160.942
-0.084, -2.977, 160.941
-0.088, -2.974, 160.887
-0.084, -2.984, 160.604
-0.088, -2.990, 160.497
-0.085, -2.985, 160.263
-0.066, -2.972, 160.519
-0.067, -2.966, 160.653
-0.069, -2.973, 160.897
-0.071, -2.977, 161.016
-0.072, -2.986, 161.078
-0.071, -2.979, 160.904
-0.064, -2.992, 160.893
-0.071, -2.989, 160.671
-0.068, -2.991, 160.464
-0.304, -3.795, 160.306
-0.136, -3.629, 158.601
-0.004, -3.535, 158.068
0.095, -3.380, 158.195
0.083, -3.318, 158.671
0.071, -3.277, 159.341
0.068, -3.241, 160.008
0.049, -3.203, 160.497
0.824, -2.424, 159.018
1.024, -2.533, 157.123
0.656, -2.804, 155.434
-0.511, -3.769, 155.046
-0.035, -3.580, 154.992
1.149, -2.182, 156.415
0.993, -2.482, 157.407
0.785, -2.614, 158.800
0.632, -2.733, 159.854
0.514, -2.819, 160.581
0.422, -2.889, 161.401
0.322, -2.913, 161.972
0.256, -2.959, 162.412
0.214, -3.003, 162.815
0.177, -3.038, 163.174
0.145, -3.072, 163.507
0.122, -3.101, 163.520
0.104, -3.117, 163.557
0.079, -3.117, 163.413
0.064, -3.130, 163.259
0.049, -3.142, 163.133
0.040, -3.145, 163.242
0.028, -3.155, 163.271
0.035, -3.157, 163.219
0.023, -3.175, 163.305
0.022, -3.179, 163.279
0.026, -3.178, 163.118
0.006, -3.167, 163.875
0.019, -3.167, 164.066
-0.166, -3.289, 164.729
-0.148, -3.262, 164.740
-0.117, -3.276, 164.494
-0.092, -3.226, 164.226
-0.064, -3.215, 163.840
-0.031, -3.208, 163.513
-0.015, -3.205, 163.589
-0.017, -3.204, 163.526
-0.006, -3.196, 163.570
0.006, -3.188, 163.547
0.014, -3.189, 163.493
0.013, -3.183, 163.581
0.002, -3.193, 163.755
-0.001, -3.197, 163.823
0.012, -3.189, 163.683
0.017, -3.205, 163.573
0.027, -3.194, 163.486
0.031, -3.191, 163.349
0.031, -3.197, 163.184
0.029, -3.233, 162.995
0.023, -3.223, 163.011
0.021, -3.232, 163.099
0.012, -3.202, 162.960
0.021, -3.207, 162.936
0.017, -3.207, 163.055
0.037, -3.189, 163.016
0.034, -3.167, 163.080
0.025, -3.228, 163.118
0.010, -3.199, 163.284
0.015, -3.195, 163.393
0.012, -3.182, 163.534
0.013, -3.188, 163.395
0.014, -3.195, 163.507
0.024, -3.201, 163.636
0.019, -3.195, 163.951
0.029, -3.183, 163.996
0.032, -3.180, 163.919
0.028, -3.181, 163.823
0.030, -3.187, 163.707
0.032, -3.187, 163.640
0.043, -3.198, 163.607
0.047, -3.215, 163.558
0.041, -3.203, 163.363
0.052, -3.188, 163.479
0.050, -3.198, 163.407
0.057, -3.186, 163.399
0.061, -3.164, 163.238
0.062, -3.158, 163.354
0.059, -3.173, 163.436
0.050, -3.188, 163.484
0.053, -3.191, 163.482
0.051, -3.190, 163.671
0.053, -3.187, 163.773
0.055, -3.192, 163.714
0.047, -3.186, 163.683
0.049, -3.188, 163.842
0.053, -3.186, 163.754
0.055, -3.191, 163.763
0.044, -3.181, 163.668
0.061, -3.171, 163.686
0.052, -3.184, 163.685
0.056, -3.203, 163.619
0.042, -3.217, 163.357
0.042, -3.218, 163.380
0.054, -3.230, 163.345
0.064, -3.213, 163.236
0.069, -3.208, 163.285
0.072, -3.200, 163.282
0.072, -3.196, 163.339
0.073, -3.204, 163.404
0.068, -3.201, 163.441
0.027, -3.222, 163.654
0.002, -3.226, 163.749
-0.010, -3.236, 163.901
0.007, -3.238, 163.697
0.014, -3.238, 163.519
0.029, -3.234, 163.590
0.018, -3.239, 163.592
0.015, -3.233, 163.689
0.010, -3.241, 163.573
0.035, -3.228, 163.557
0.049, -3.208, 163.598
0.049, -3.183, 163.675
0.058, -3.190, 163.764
0.054, -3.180, 163.714
0.053, -3.184, 163.953
0.055, -3.179, 164.040
0.060, -3.164, 163.870
0.051, -3.192, 163.687
0.039, -3.203, 163.673
0.042, -3.211, 163.813
0.065, -3.227, 163.744
0.067, -3.216, 163.732
0.055, -3.211, 163.858
0.053, -3.200, 163.997
0.049, -3.206, 163.864
0.037, -3.200, 163.873
0.043, -3.195, 163.802
0.040, -3.205, 163.785
0.050, -3.178, 164.085
0.033, -3.185, 163.963
0.040, -3.183, 164.239
0.045, -3.192, 164.086
0.055, -3.173, 163.895
0.047, -3.187, 163.969
0.064, -3.183, 164.169
0.074, -3.193, 164.266
0.080, -3.199, 164.176
0.084, -3.201, 164.212
0.080, -3.197, 163.931
0.070, -3.195, 163.682
0.073, -3.187, 163.645
0.090, -3.182, 163.609
0.084, -3.185, 163.539
0.085, -3.188, 163.529
0.051, -3.231, 163.648
0.048, -3.204, 163.995
0.047, -3.204, 164.067
0.048, -3.198, 164.097
0.045, -3.203, 164.305
0.037, -3.212, 164.301
0.037, -3.212, 164.140
0.040, -3.213, 164.116
0.039, -3.208, 163.983
0.044, -3.208, 163.940
0.054, -3.173, 164.000
0.055, -3.174, 164.047
0.067, -3.181, 163.920
0.065, -3.195, 163.919
0.071, -3.189, 163.766
0.074, -3.182, 163.440
0.071, -3.191, 163.526
0.065, -3.200, 163.472
0.053, -3.203, 163.569
0.052, -3.215, 163.535
0.056, -3.214, 163.627
0.044, -3.208, 163.710
0.042, -3.195, 163.510
0.045, -3.201, 163.816
0.045, -3.194, 163.691
0.058, -3.198, 163.596
0.052, -3.214, 163.696
0.043, -3.211, 163.795
0.050, -3.205, 163.664
0.050, -3.190, 163.494
0.055, -3.188, 163.273
0.067, -3.193, 163.302
0.075, -3.202, 163.255
0.097, -3.204, 163.255
0.093, -3.197, 163.445
0.070, -3.217, 163.325
0.081, -3.212, 163.311
0.078, -3.197, 163.454
0.067, -3.188, 163.499
0.063, -3.199, 163.456
0.057, -3.205, 163.491
0.064, -3.208, 163.529
0.057, -3.199, 163.589
0.050, -3.208, 163.770
0.070, -3.291, 163.889
-0.512, -3.714, 166.813
-0.503, -3.659, 168.956
-0.399, -3.578, 168.050
-0.300, -3.520, 167.424
-0.225, -3.467, 166.639
-0.160, -3.416, 166.281
-0.114, -3.390, 165.841
-0.077, -3.359, 165.454
-0.090, -3.352, 165.273
-0.058, -3.330, 165.224
-0.035, -3.328, 165.038
-0.023, -3.319, 164.767
-0.023, -3.303, 164.391
-0.011, -3.289, 164.166
-0.006, -3.297, 164.125
0.007, -3.280, 164.103
0.017, -3.271, 164.096
0.015, -3.265, 164.343
0.021, -3.248, 164.216
0.026, -3.255, 164.132
0.036, -3.262, 164.022
0.050, -3.260, 164.047
0.050, -3.261, 163.658
0.052, -3.252, 163.483
0.051, -3.259, 163.325
0.055, -3.252, 163.260
0.050, -3.257, 163.085
0.056, -3.249, 163.391
0.048, -3.250, 163.376
0.053, -3.246, 163.316
0.063, -3.246, 163.454
0.066, -3.242, 163.562
0.062, -3.247, 163.512
0.068, -3.249, 163.576
0.065, -3.237, 163.712
0.058, -3.212, 163.446
0.051, -3.239, 163.649
0.060, -3.246, 163.784
0.065, -3.248, 163.598
0.061, -3.250, 163.796
0.064, -3.256, 163.836
0.078, -3.247, 163.767
0.081, -3.254, 163.843
0.076, -3.241, 163.974
0.066, -3.240, 163.817
0.066, -3.247, 163.525
0.074, -3.250, 163.335
0.074, -3.262, 163.115
0.064, -3.260, 162.950
0.058, -3.274, 163.010
0.055, -3.272, 162.910
0.056, -3.261, 162.981
0.065, -3.261, 163.141
0.068, -3.241, 163.312
0.069, -3.241, 163.251
0.067, -3.242, 163.193
0.062, -3.247, 163.435
0.061, -3.241, 163.617
0.060, -3.234, 163.754
0.069, -3.238, 163.816
0.075, -3.237, 163.593
0.076, -3.221, 163.381
0.074, -3.229, 163.613
0.072, -3.247, 163.739
0.076, -3.264, 163.709
0.086, -3.255, 163.679
0.085, -3.261, 163.842
0.079, -3.244, 164.018
0.084, -3.241, 163.985
0.091, -3.279, 163.832
0.067, -3.324, 163.799
0.069, -3.315, 163.811
0.072, -3.283, 163.962
0.077, -3.249, 164.001
0.072, -3.256, 164.139
0.070, -3.247, 164.084
0.064, -3.243, 164.005
0.067, -3.246, 163.946
0.078, -3.235, 163.814
0.074, -3.224, 163.842
0.066, -3.231, 163.874
0.073, -3.229, 164.013
0.076, -3.235, 163.930
0.078, -3.243, 163.649
0.076, -3.235, 163.926
0.078, -3.232, 163.781
0.091, -3.239, 163.664
0.082, -3.234, 163.483
0.090, -3.225, 163.552
0.095, -3.226, 163.764
0.093, -3.230, 163.817
0.084, -3.247, 163.892
0.087, -3.234, 164.011
0.088, -3.233, 163.922
0.080, -3.238, 163.846
0.081, -3.232, 163.677
0.085, -3.240, 163.408
0.089, -3.246, 163.049
0.081, -3.251, 163.160
0.070, -3.250, 163.214
0.073, -3.246, 163.310
0.077, -3.246, 163.204
0.080, -3.243, 163.237
0.089, -3.232, 163.174
0.087, -3.237, 162.833
0.088, -3.235, 162.711
0.081, -3.242, 162.705
0.085, -3.227, 162.878
0.089, -3.234, 163.200
0.085, -3.232, 163.287
0.093, -3.235, 163.250
0.094, -3.237, 163.589
0.096, -3.232, 163.711
0.094, -3.233, 163.807
0.095, -3.239, 163.867
0.102, -3.246, 163.909
0.099, -3.240, 163.965
0.102, -3.253, 163.784
0.115, -3.250, 163.972
0.111, -3.252, 163.933
0.102, -3.251, 164.070
0.094, -3.241, 164.129
0.092, -3.245, 164.039
0.092, -3.234, 164.149
0.087, -3.240, 163.884
0.094, -3.248, 163.742
0.079, -3.260, 163.849
0.073, -3.261, 163.722
0.083, -3.255, 163.847
0.083, -3.249, 163.588
0.084, -3.253, 163.203
0.089, -3.252, 163.066
0.091, -3.246, 162.950
0.085, -3.246, 163.180
0.083, -3.252, 163.047
0.084, -3.256, 162.806
0.100, -3.250, 162.477
0.103, -3.252, 162.886
0.096, -3.248, 162.705
0.103, -3.259, 162.678
0.107, -3.253, 162.969
0.110, -3.247, 163.024
0.103, -3.247, 163.141
0.103, -3.240, 163.009
0.105, -3.246, 162.783
0.114, -3.245, 162.809
0.109, -3.237, 162.992
0.114, -3.232, 162.898
0.121, -3.235, 162.902
0.116, -3.236, 162.961
0.113, -3.230, 163.213
0.117, -3.227, 163.176
0.119, -3.227, 163.267
0.111, -3.223, 163.253
0.105, -3.220, 163.158
0.100, -3.220, 163.348
0.103, -3.223, 163.300
0.108, -3.222, 163.307
0.099, -3.219, 163.462
0.106, -3.216, 163.578
0.127, -3.219, 163.641
0.125, -3.230, 163.722
0.126, -3.232, 163.936
0.123, -3.228, 163.904
0.113, -3.243, 164.018
0.116, -3.239, 163.872
0.120, -3.238, 163.734
0.120, -3.237, 163.867
0.119, -3.240, 163.631
0.122, -3.239, 163.511
0.118, -3.244, 163.461
0.122, -3.249, 163.546
0.109, -3.252, 163.469
0.100, -3.246, 163.581
0.093, -3.249, 163.544
0.092, -3.250, 163.702
0.097, -3.248, 163.657
0.095, -3.255, 163.671
0.094, -3.248, 163.521
0.103, -3.253, 163.533
0.097, -3.261, 163.215
0.091, -3.253, 163.246
0.091, -3.251, 163.308
0.088, -3.248, 163.442
0.087, -3.253, 163.426
0.081, -3.261, 163.261
0.088, -3.252, 163.039
0.084, -3.235, 163.051
0.075, -3.256, 162.788
0.070, -3.266, 162.563
0.072, -3.266, 162.446
-0.092, -4.002, 162.746
-0.024, -3.853, 162.022
0.000, -3.734, 162.229
0.024, -3.641, 162.238
0.029, -3.561, 162.354
0.038, -3.505, 162.565
0.043, -3.460, 162.810
0.036, -3.432, 162.789
0.050, -3.394, 162.680
0.055, -3.372, 162.900
0.073, -3.338, 163.011
0.060, -3.326, 162.981
0.050, -3.308, 162.864
0.053, -3.301, 162.953
0.059, -3.298, 163.101
0.059, -3.283, 163.417
0.066, -3.298, 163.373
0.069, -3.280, 163.452
0.079, -3.285, 163.528
0.081, -3.277, 163.617
0.069, -3.278, 163.448
0.071, -3.274, 163.604
0.069, -3.271, 163.392
0.076, -3.252, 163.289
0.079, -3.253, 163.283
0.074, -3.243, 163.183
0.064, -3.239, 163.130
0.062, -3.251, 163.209
0.057, -3.247, 163.121
0.060, -3.262, 163.204
0.060, -3.266, 163.443
0.074, -3.242, 163.726
0.061, -3.233, 163.860
0.064, -3.237, 163.953
0.086, -3.245, 163.860
0.084, -3.263, 163.447
0.077, -3.268, 163.317
0.069, -3.304, 163.312
0.091, -3.298, 163.530
0.100, -3.291, 163.344
0.090, -3.281, 163.308
0.095, -3.285, 163.349
0.093, -3.271, 163.427
0.081, -3.271, 163.383
0.077, -3.276, 163.359
0.081, -3.271, 163.391
0.067, -3.273, 163.444
0.070, -3.270, 163.466
0.057, -3.262, 163.401
0.052, -3.252, 163.225
0.058, -3.247, 163.352
0.061, -3.242, 163.592
0.065, -3.245, 163.681
0.067, -3.236, 163.676
0.076, -3.238, 163.453
0.071, -3.252, 163.168
0.081, -3.250, 163.068
0.073, -3.243, 163.129
0.073, -3.251, 163.023
0.067, -3.254, 162.992
0.061, -3.284, 163.120
0.060, -3.275, 163.142
0.057, -3.275, 163.061
0.060, -3.270, 162.954
0.057, -3.269, 163.023
0.071, -3.264, 163.257
0.074, -3.262, 163.393
0.069, -3.255, 163.566
0.065, -3.256, 163.313
0.073, -3.258, 163.382
0.070, -3.229, 163.267
0.071, -3.239, 163.390
0.082, -3.249, 163.561
0.078, -3.249, 163.710
0.060, -3.258, 163.754
0.066, -3.246, 163.947
0.077, -3.252, 163.817
-0.934, -4.042, 163.534
-0.544, -3.796, 161.533
-0.242, -3.597, 161.290
-0.180, -3.531, 161.725
-0.135, -3.490, 162.088
-0.096, -3.463, 162.536
-0.062, -3.418, 162.769
-0.032, -3.393, 163.013
-0.010, -3.366, 163.083
0.008, -3.353, 163.319
0.014, -3.352, 163.601
0.028, -3.324, 163.544
0.034, -3.315, 163.437
0.045, -3.319, 163.543
0.041, -3.331, 163.513
0.042, -3.319, 163.889
0.043, -3.317, 163.892
0.056, -3.311, 163.848
0.069, -3.306, 164.045